time,x,y,z,phi,theta,psi,x_velocity,y_velocity,z_velocity,phi_velocity,theta_velocity,psi_velocity,rotor_speed1,rotor_speed2,rotor_speed3,rotor_speed4
0.06,5.715833139544547e-08,-6.736142608046604e-08,10.004550514867521,6.282868752958972,6.283103967418654,0.0,6.202929123142422e-06,-1.6386073430840857e-05,0.15167502266063182,-0.018761448809912207,-0.004215287777840185,0.0,453.36104538875486,453.02231968829744,453.56061294904686,452.051670775392
0.12000000000000001,2.9614694998734446e-06,-1.2156726744951826e-05,10.0176064530646,6.281970863124025,6.283076690526741,0.0,0.00010459824027632988,-0.00049358806412936,0.2834985987691817,-0.00828630351579815,0.006168699597832287,0.0,446.2032282066151,447.0500090166613,446.78747145705387,447.64064367384634
0.18,1.0179928948309714e-05,-7.193804031144926e-05,10.039972601108545,6.281219022023183,0.00023695779027210762,0.0,9.533654510031575e-05,-0.0015680280038607934,0.4619837921844912,-0.022766545137265254,0.004928468922180648,0.0,461.6251921156232,461.5272323751037,461.47518032161554,460.33105507481457
0.23999999999999996,7.2891806521331105e-06,-0.00021963562675566972,10.075102072522268,6.280934384069358,0.0013035246638501974,0.0,-0.0002856618178169724,-0.0034402463757835728,0.7088778172134926,0.017673281396063546,0.035620589237472744,0.0,479.97042983257177,482.2937357283006,480.36953823983254,483.42593929076855
0.3,-4.457356856633055e-05,-0.0004676553753180569,10.120239524053254,6.281591169498013,0.003721638852208997,0.0,-0.0016722175825579287,-0.004735567748563307,0.7956467681380993,-0.008000170719608754,0.0483186219375402,0.0,432.222588108049,433.29215079712213,434.7458226520655,432.58956473416606
0.36000000000000004,-0.00022598545365755583,-0.0007837966173623921,10.16928923751213,6.280861560719792,0.006104216063077317,0.0,-0.004633105800256834,-0.005857505430081379,0.8393110401586278,-0.022147834845161755,0.010711770223865836,0.0,420.3475847570854,417.0771036831967,420.51187848304454,419.2848027594183
0.4200000000000001,-0.0006649703812375349,-0.0012016596435188963,10.227816602859926,6.279481313817321,0.006964223692683014,0.0,-0.01009517035592012,-0.008243277787521238,1.1113757972288403,-0.024773961495718314,0.020738816992305266,0.0,487.5591023374638,488.3074510513459,490.55839538557007,490.3633881690472
0.48000000000000015,-0.001421934389973867,-0.0017794138637578785,10.297748031935535,6.2780381084730905,0.008838088098912955,0.0,-0.01530285575078165,-0.011165903337334162,1.2195604243657066,-0.02265010780244552,0.0466274665847327,0.0,439.7373206848596,441.87675128858706,440.59316660929744,440.76862650776343
0.5400000000000001,-0.0025418888548603617,-0.0025646514329236217,10.374724349201706,6.277144251922124,0.01233931882993744,0.0,-0.022368425177114102,-0.015123731892014415,1.346171931665715,-0.0027075043490727277,0.07506144807252414,0.0,445.46016788336607,447.7812113209607,446.0902582479765,447.7156574051185
0.6000000000000002,-0.004185635395428901,-0.003610853220126559,10.460683936075885,6.2768890795972005,0.017328218818271957,0.0,-0.032959539619916156,-0.0197716526719523,1.51892623353015,-0.00753825726632297,0.09574742028688109,0.0,460.62329944468195,462.2613212494646,461.1649642825602,460.78334921552096
0.6600000000000003,-0.006545789282551085,-0.004929622357808003,10.554950540312086,6.2766121918789874,0.023260795186132555,0.0,-0.04630945706342305,-0.02422318772828428,1.6231393334692061,0.0006708217946019925,0.1044921335928636,0.0,440.5561837378526,441.2870234298089,439.8537983679427,440.53313710320344
0.7200000000000003,-0.009834142395062792,-0.006520128137094856,10.655550927665342,6.276514773472689,0.02952536608251588,0.0,-0.06394410580338883,-0.028795039746034347,1.7300339694072242,-0.006660881292481576,0.10424390328650728,0.0,442.0105240544338,441.9996435465127,441.78913436352707,441.1842818823445
0.7800000000000004,-0.014219039174836034,-0.008368221467739266,10.759549968890811,6.276180321129955,0.03601060170682757,0.0,-0.08278128158965237,-0.03284018814629691,1.736571664534215,-0.0034848361856702273,0.11483333767994888,0.0,409.49114879139665,410.44328345631436,408.5300243357321,408.81319411553346
0.8400000000000004,-0.01998374319490278,-0.010488596102659824,10.86747470705938,6.276518288685491,0.042793356210421685,0.0,-0.11009024923557417,-0.03782600624076427,1.8606962987782698,0.019475610219252912,0.1092110609672297,0.0,448.3154121348343,447.8696284397289,446.15972925762185,448.0302370835153
0.9000000000000005,-0.027800114342256297,-0.012935382284985985,10.988938464529163,6.2777542660676104,0.04878006374633692,0.0,-0.15130383560348887,-0.04356662722181751,2.1874882594831755,0.022757703147550806,0.06359678274258208,0.0,509.17266537180956,505.9055440482147,506.7158182732934,506.9516156656138
0.9600000000000005,-0.03793564299050291,-0.015659834655987904,11.123875371747475,6.279251974429336,0.05261069107779015,0.0,-0.18693820599833383,-0.04709603580617769,2.310145665083745,0.029040525469763014,0.06433305031281977,0.0,449.22688269549184,449.2895058456655,448.31931141892903,448.82958318714395
1.0200000000000005,-0.050203036229147284,-0.018556801665699216,11.26450727122546,6.280716057354741,0.05684132511893569,0.0,-0.22236309223195744,-0.04931119904460523,2.3774214633173956,0.012973009798376183,0.08064302891467931,0.0,431.5971378923015,432.97534044851443,432.2994370525515,430.9435581785754
1.0800000000000005,-0.06463594108896055,-0.021559496012659246,11.408364522243494,6.281366125788336,0.06176727638947721,0.0,-0.25918432054137974,-0.05071150604486908,2.4177038083854785,0.006171978459160411,0.08486141039366153,0.0,423.4113168665321,423.7798909251518,423.73515198197634,423.1499901887655
1.1400000000000006,-0.08142114565018628,-0.024636696089435466,11.555410376509531,6.281681724805093,0.067134189998999,0.0,-0.30082254060687863,-0.05182823768289051,2.4836441992514997,0.0033705094740914174,0.09732293801224182,0.0,431.50064198531163,432.55818539506976,432.39211881210474,432.15595975885157
1.2000000000000006,-0.10091944819438298,-0.027776968249384575,11.707966705699198,6.282362366830641,0.0730495613893849,0.0,-0.34971865840313826,-0.05279729459356214,2.6012543744187315,0.023809762000041996,0.10100762258088147,0.0,447.76850699388655,448.07641348392235,449.10440929528454,450.7590534023346
1.2600000000000007,-0.1234996752786458,-0.030956980630806402,11.867863810092341,0.000499173756593585,0.0788798740945289,0.0,-0.403566188117914,-0.05305698223067259,2.7282949934979297,0.01822681624605933,0.08812369435157458,0.0,453.3225842409647,452.293951521129,452.45854744964737,452.00886496476363
1.3200000000000007,-0.14924370623046976,-0.03412673633301522,12.033003272631793,0.0019619197494167295,0.08417608983837344,0.0,-0.45505938935523044,-0.05247916633488711,2.7761852509019342,0.034480769947404705,0.08856159720288913,0.0,428.35762586120813,428.40165948026964,427.23134280142676,428.61506004895585
1.3800000000000008,-0.1783942886463335,-0.0372245486983529,12.203528686440409,0.004378651161545122,0.08945881608793371,0.0,-0.5171656428370496,-0.05054107834154835,2.9076037058014212,0.049892920349220604,0.0869933457898253,0.0,453.8900762378103,453.7704629178031,455.5211334682596,456.75269856944715
1.4400000000000008,-0.21121840043365603,-0.040159516556844854,12.380082573189485,0.0075975218096742125,0.09475178903017767,0.0,-0.5774701246648758,-0.046988870834594125,2.9772798824648445,0.06025948938645031,0.0905546174493188,0.0,436.4452525996586,436.7490002598527,435.8345414623946,436.7020596843384
1.5000000000000009,-0.24785406699222606,-0.04280831418208611,12.56171244111884,0.011241732322885944,0.10034753891531611,0.0,-0.6442586073398112,-0.040937541713205045,3.07670611652592,0.06167443997189938,0.09818883144409296,0.0,446.66975454073344,447.2991825726482,445.7827456092839,445.9009634122106
1.560000000000001,-0.28880468783781754,-0.04499635042398685,12.75115647709013,0.015052990200201677,0.10582250463629084,0.0,-0.7213571857125645,-0.03158658495731964,3.237553194486417,0.06697795956357762,0.0714050095472499,0.0,467.06553528715466,464.9782419718629,465.8124751358237,466.2297582683995
1.620000000000001,-0.33456739581120654,-0.04652665228661966,12.950869720991816,0.019013448963122848,0.11068623751045514,0.0,-0.8045409252808474,-0.01897853111553409,3.4189312600703854,0.06399378553936534,0.09552049272043822,0.0,472.1440541065078,474.00566817478466,473.55131936696375,473.3246476071988
1.680000000000001,-0.385492187994493,-0.047200994196502685,13.161908338583942,0.022691767165382792,0.11589041925936616,0.0,-0.8935381099261344,-0.0030764168775595496,3.614964693668592,0.05530126188593912,0.056489587720865125,0.0,481.1675198504449,478.20858862557304,478.37534708356935,477.71534373092186
1.740000000000001,-0.44171211454492465,-0.04686836081995345,13.383340308513864,0.026219186759096402,0.11927817024130061,0.0,-0.980779598748551,0.01452627671323468,3.7655208195495025,0.06498435726110288,0.05640834100398559,0.0,466.7563737257259,466.75203953719443,466.4400956487063,467.1979339666825
1.8000000000000012,-0.503220221154167,-0.045404772339171645,13.613595653421344,0.029775760663302897,0.12282614932171754,0.0,-1.0698158020176889,0.03465247314714072,3.90907157576246,0.0443006703713308,0.06408853013314582,0.0,466.07337655868963,466.6755387907086,466.17372617372644,464.5568120204191
1.8600000000000012,-0.5699299966589573,-0.04271451500444061,13.850657689083397,0.032879818743540845,0.12674796833561786,0.0,-1.1542019736511353,0.055301003634669436,3.9925999371131287,0.06351907888552051,0.06779801364978368,0.0,448.88306298204446,449.1871099917907,447.40093414892334,448.9646962474115
1.9200000000000013,-0.6421256865430098,-0.038629269305684784,14.095369827735917,0.037332454820847794,0.13069277398190238,0.0,-1.2527014588994527,0.08132039828317256,4.163723656929374,0.08981970492935577,0.06129383104373808,0.0,476.36845276202,475.87367650536714,475.17290110242766,477.1886832757994
1.9800000000000013,-0.7200754598833472,-0.03294782436470435,14.348461346689122,0.04268582771741958,0.13427669606522397,0.0,-1.345956068366292,0.10859561647609092,4.272124054959925,0.08800256676798421,0.056411195146724345,0.0,459.05464016841415,458.6693836867774,458.7086200034853,458.5706512343342
2.0400000000000014,-0.8033095343191207,-0.025643735430695067,14.60518127404029,0.04781084706198602,0.13741649112347076,0.0,-1.428811534749718,0.1353316780371892,4.285038447744467,0.07967110421555475,0.04257557674221579,0.0,430.4076872933955,429.2368536311784,429.5833716752684,428.8824994662282
2.1000000000000014,-0.8922446349262518,-0.016408360095263266,14.867494428257169,0.05336946722169067,0.1395033482084731,0.0,-1.5358844662066147,0.1730677944651706,4.457923379181402,0.11060174675733116,0.010760833148193996,0.0,481.0905583251923,478.6757367027076,478.19259553428464,480.5493725736719
2.1600000000000015,-0.9868786381075957,-0.00507436158523707,15.134695274929372,0.06007576464807762,0.14004397120254986,0.0,-1.618660564742067,0.20530332340214186,4.448710880888133,0.11401238083263603,0.0052570076266852655,0.0,425.2021889059475,424.73024194458986,423.50275858357685,423.80779458146463
2.2200000000000015,-1.086767781414924,0.00842951059938118,15.40326746884979,0.06654641818673479,0.14103949572147645,0.0,-1.711038425113518,0.24544586189899897,4.503360269469526,0.09117454250642892,0.03289573521399122,0.0,444.06957552831835,446.3312227056916,446.2164487431784,444.35791581288896
2.2800000000000016,-1.192636000437911,0.024654375311727112,15.67794944471778,0.0723052265179156,0.14298196832892174,0.0,-1.8180503727206472,0.2959483470150679,4.651939397147751,0.10417612337817739,0.03131144467054718,0.0,475.15090005197993,475.02973149182145,474.19176385816786,475.1967149182588
2.3400000000000016,-1.3049617447188426,0.04403285300554911,15.961438057207282,0.07887103136755247,0.14533920616739326,0.0,-1.9263082538993799,0.3506439722251308,4.796887120519806,0.11827363099193382,0.0517534215162243,0.0,473.66477018540536,475.2350530246779,475.74337412396306,476.83127632920645
2.4000000000000017,-1.4231677719383697,0.06647050267952882,16.248998687047504,0.08636841986562604,0.14862815144186392,0.0,-2.0141958755948726,0.3978989807426679,4.788317242828453,0.13576171343636007,0.06032578329153954,0.0,428.79536961495415,429.52521031467194,427.8374256126682,429.3386416754624
2.4600000000000017,-1.547343838018719,0.09224399467063178,16.54020121980185,0.09414952477730854,0.1519234749743008,0.0,-2.1253130492356793,0.4620027567847939,4.917617107835274,0.11336871379663693,0.041010551849717025,0.0,472.7752495186912,471.2862613305638,474.23415332793434,472.52475918338195
2.520000000000002,-1.6782178347393344,0.1219965851221269,16.838838929251732,0.10086362645898284,0.15559341213482458,0.0,-2.2374323577842223,0.5303892904364736,5.0361899557351535,0.10879616439746571,0.08519506798413573,0.0,469.6268600245158,473.0441472908217,471.06210673692703,470.7186644716759
2.580000000000002,-1.8157258584741398,0.15587123085101862,17.143378596832395,0.10694825995765811,0.16038272850078972,0.0,-2.346621477795406,0.5993345042321447,5.114478427515237,0.07950488449985284,0.06601912789403261,0.0,461.4198665429146,459.90805811336986,461.39657881607457,459.0860333649129
2.640000000000002,-1.9595069577013229,0.19374536272961018,17.450269888993418,0.1119992274673427,0.16445103872528666,0.0,-2.4464563986850494,0.6635428340193653,5.114977970338027,0.0921917682985505,0.0711556407063961,0.0,436.6446402661658,437.0765465405672,436.72138757481395,437.78436155896543
2.700000000000002,-2.109412117695059,0.23559618556676776,17.75747071715984,0.11757106083019142,0.169175315436223,0.0,-2.550799591070404,0.731943590206306,5.124716791073962,0.09417440339312184,0.09070872011537669,0.0,440.59175409775264,442.2105334026258,439.81126854613507,439.9828496745795
2.760000000000002,-2.2657466298379965,0.2816978115204409,18.065633668028156,0.1235301338035244,0.17476523690493018,0.0,-2.6608522555926495,0.8052563730452433,5.14694001848843,0.108003815164753,0.09767124560696253,0.0,444.7913420366073,445.36857702666106,445.2505112210922,446.38904136103287
2.820000000000002,-2.429015428723772,0.33245876572303046,18.376307252538023,0.1296325043646922,0.18023999416308278,0.0,-2.781957646847805,0.887306551822554,5.208166569582506,0.08453252621992309,0.07356346533899716,0.0,459.4042572655967,457.49489865690725,460.0854671884301,458.2314324528073
2.880000000000002,-2.5993768493088347,0.388049101734106,18.68906423553449,0.13434084756029296,0.1847049678967574,0.0,-2.8971688050464146,0.9660938929186496,5.216686961205238,0.062207577589814836,0.07606851105237351,0.0,442.9027024974176,443.1130666765898,444.7300609788923,442.90212848958936
2.940000000000002,-2.776837100478273,0.44850929546592916,19.002791502697143,0.13791566985863835,0.1895290887047283,0.0,-3.0186050581706683,1.0495135378144576,5.240420847916711,0.05372942500028595,0.08789799906203626,0.0,449.0040941427057,449.9680219815149,449.137773221157,448.45195223919046
3.000000000000002,-2.961242991251253,0.513715808911594,19.315627256414842,0.14065812808771128,0.19472921310321034,0.0,-3.1287527404806244,1.1242648086789684,5.1873521385360934,0.020430096594242244,0.08409118544151507,0.0,425.2797440005042,424.9600581354194,425.99786140078567,423.1414603552031
3.0600000000000023,-3.15339365944785,0.5841764419015724,19.630439102526566,0.14233217603734882,0.20014139547335574,0.0,-3.2767272262084712,1.2244281321436696,5.305386481532687,0.0397348030455251,0.10024474422253367,0.0,478.9459752073551,480.17923709211294,479.0254330247898,480.4915652509417
3.1200000000000023,-3.3542822420846465,0.660488900038281,19.950967232341398,0.14521871465981917,0.20566809310217238,0.0,-3.42007959049571,1.3194561021487268,5.378064417705626,0.06106226808152085,0.06620568849216123,0.0,469.0914712935702,466.44647681664696,467.1994007349744,468.86084852756204
3.1800000000000024,-3.5643078944894135,0.7428472682811743,20.27779082237132,0.1488622490678404,0.20979683652941272,0.0,-3.581091886507611,1.4260366524412251,5.514882426391928,0.06004384033881692,0.07357119407341346,0.0,487.9598868852268,488.51261849996524,489.7367627218014,489.6632389760582
3.2400000000000024,-3.7834442745317207,0.8312128204741964,20.609731891364685,0.15269716123341492,0.2140070474185629,0.0,-3.7238472638797497,1.5197208751950786,5.549182778254544,0.07070704973190063,0.062316542208156044,0.0,460.5530416063674,459.66535963246383,459.5320763536404,460.37954550124914
3.3000000000000025,-4.01083557377198,0.9249811529552514,20.94185255906421,0.1572411699472287,0.2173970161280776,0.0,-3.8562385310986746,1.6062029144740526,5.52121931245256,0.08425220179225254,0.04113062216370037,0.0,441.87639603163166,440.12814488474265,441.0626535918426,442.1846648435879
3.3600000000000025,-4.24532025632785,1.0233520563372225,21.268135749375677,0.16247705789403355,0.21965155589058583,0.0,-3.9603286227844374,1.6732222924345759,5.355405960032139,0.09269246512525355,0.029301625737584026,0.0,394.6966514348591,393.603974900655,393.22479773345805,394.01345763771195
3.4200000000000026,-4.487462277343827,1.1267951918124925,21.590446802473316,0.16781213675347217,0.2216407381989871,0.0,-4.111269153373728,1.7752731676276985,5.387668362449937,0.08004102772936392,0.039915662362959604,0.0,460.07168317121017,460.91185496043835,460.712266521504,459.7168982271202
3.4800000000000026,-4.738362270509711,1.2361800880771932,21.91307136211389,0.17238268910705923,0.22389060158781326,0.0,-4.252351740250824,1.8712131160568282,5.366145084582649,0.06704260182727942,0.032162095259382725,0.0,444.72749674199264,444.0924743174128,444.83838864446267,443.7769853834342
3.5400000000000027,-4.998275840328399,1.3517535881806853,22.236463448484457,0.176031137856814,0.22586152747465782,0.0,-4.411629950793571,1.981456027017591,5.4128672751026885,0.04386861497117584,0.034187650259131584,0.0,467.41635456514433,467.57457225049365,467.3408074531894,465.5329536875811
3.6000000000000028,-5.267214314659122,1.473539245568654,22.560064240012917,0.17893790582042346,0.22795665403822873,0.0,-4.553285363039836,2.078223835980014,5.373605076145747,0.05630875526478108,0.036342037557674685,0.0,440.58655534859207,440.765212301009,440.35541126312495,441.38496010902213
3.660000000000003,-5.5448395835714575,1.601262989853631,22.881793910835995,0.18199119669306896,0.23047960742050577,0.0,-4.70119997470189,2.1794127594300945,5.350367189710608,0.03691830470318745,0.05153680618243878,0.0,445.71586392437763,446.95716926249713,447.62724922327584,446.0477069191203
3.720000000000003,-5.832251395155342,1.7357368642264905,23.20558293232315,0.18448502590929117,0.23402551147504003,0.0,-4.8794788349330664,2.3030530567539245,5.441527325662135,0.04952764778757192,0.0710448139804498,0.0,483.829293340848,485.2981611976989,481.87039547107366,482.82361061363855
3.780000000000003,-6.128935045419288,1.8764879881445875,23.528498009378765,0.1870367023784274,0.23862834027230662,0.0,-5.010518945642064,2.388830314881041,5.322434403932498,0.022401529873843144,0.08614560958079229,0.0,416.41592540416815,417.7401700060676,418.59783138063347,416.23095865092085
3.840000000000003,-6.434625711863013,2.0231976564784206,23.8484337983443,0.1881944711007355,0.24434189167076958,0.0,-5.179693375120628,2.501410881016839,5.34134412623546,0.012222413370823021,0.10901620992686548,0.0,462.2001618126017,464.00663618742095,463.6101592838068,462.80942851427943
3.900000000000003,-6.749894121448357,2.176129676684772,24.16666056545034,0.19014491126444977,0.2507651741190591,0.0,-5.329906011862731,2.596336129469089,5.265976044480068,0.05663527539814915,0.10281478099711146,0.0,434.3034666684138,433.7932188575612,431.79900322247613,435.5309285091404
3.960000000000003,-7.074597378088525,2.334987451284874,24.48142508105754,0.19326892891199066,0.2569378083390168,0.0,-5.494147176133427,2.6990413292475295,5.2256580027061865,0.04086044334149502,0.10300175522089236,0.0,446.201545657539,446.22595936858244,446.9016832197058,445.61539575477065
4.020000000000002,-7.409461963803986,2.5001581028908357,24.794344105930826,0.1956042434443095,0.2633916745625715,0.0,-5.668620862802161,2.8066617106947835,5.204322051367371,0.034732980190870205,0.11540142488313435,0.0,451.91843285864434,452.9269098926193,455.0700868230458,454.5799235119576
4.080000000000001,-7.7554495822824245,2.672163609115612,25.10775204135132,0.19768410320693253,0.27053215405409325,0.0,-5.864928512886811,2.926766510543515,5.241514776269872,0.03452670227177099,0.12538425796908653,0.0,473.00767217329,473.7877471057719,474.25264575088187,474.237219790409
4.14,-8.112915044942051,2.851052457655489,25.421652373915204,0.2000676078116559,0.27796738568484436,0.0,-6.051280896607498,3.0361572165775104,5.221039609733705,0.048493803230198015,0.12082273693093525,0.0,458.12260053714783,457.77308797070157,457.0479645380764,458.1608162315752
4.199999999999998,-8.481993919054942,3.0367051460821415,25.73516430790189,0.20314650485920005,0.285067743690087,0.0,-6.251997052922577,3.152255285828829,5.22833080355378,0.056430433775334646,0.11284746845973127,0.0,468.92402865939874,468.31568688647997,468.007582434144,468.6265995387603
4.259999999999997,-8.863650925556229,3.229603289384277,26.050256947313976,0.20668215238803977,0.291435055016497,0.0,-6.470471189489684,3.2776685783173285,5.273434062602232,0.0635027017311894,0.08720561084382285,0.0,483.33808792096136,481.4098245321588,482.4725260667641,483.00843767695903
4.319999999999996,-9.25685889231035,3.4288879737948665,26.362382604101057,0.21043627247716845,0.2964697187972227,0.0,-6.637145400309399,3.3653299523579006,5.130743219361963,0.060632859335117306,0.07634348680151873,0.0,423.5479433619503,422.61852486463124,423.3196668483755,423.0756028115445
4.379999999999995,-9.660552800131867,3.633704717152909,26.667055255474835,0.21411256767879827,0.3012771291746894,0.0,-6.819944893825083,3.4620209043498367,5.024740109939232,0.06251883110963279,0.08677282137212582,0.0,436.35566812984825,437.2309437635575,435.18161688337653,435.34226631185805
4.439999999999993,-10.0758457787756,3.844690331639774,26.966878934143512,0.21742041460275274,0.3067449318879838,0.0,-7.023758905092711,3.5708861433987837,4.968699016493636,0.03319749604652435,0.09866108281447612,0.0,453.16661117784975,454.1282136049061,454.8560407855285,452.50291265831265
4.499999999999992,-10.50303388845939,4.061894198713126,27.261788221247606,0.2195928865023813,0.31273106098250025,0.0,-7.216562457401895,3.6692114459640517,4.8612547679922615,0.04163417619329377,0.10189539982488303,0.0,438.4284178684702,438.7058538923714,436.63179827896,437.33590234846423
4.559999999999991,-10.942679064245537,4.285492038836167,27.552406858066174,0.22160449157616036,0.31887534370354853,0.0,-7.438919736991859,3.783935119989781,4.825121990178367,0.007745414926370665,0.10340356151027434,0.0,462.5820147318629,462.7094380770163,464.0080637293729,461.3395507614499
4.6199999999999894,-11.395641563079861,4.515833152916926,27.840216525133695,0.2220972606341416,0.3248181050074894,0.0,-7.660517081051975,3.8938446896658387,4.767787258077348,0.009131631320351151,0.08848369003133423,0.0,458.7637243730006,457.58519363264173,457.01518999791995,457.12557855047396
4.679999999999988,-11.861959060342937,4.752666966913197,28.12421373625467,0.22280629633649784,0.33006983467057704,0.0,-7.884070489723401,4.000385370103832,4.6981281229369305,0.016709899468987748,0.08554865471090074,0.0,455.42782156404996,455.19907973985966,454.67248977454045,455.2792907612213
4.739999999999987,-12.34176961055942,4.995812595324433,28.403736847109556,0.2241769041734214,0.3351094594439097,0.0,-8.110298701485439,4.104285614652159,4.618670701746872,0.032919820932757554,0.08068926195646033,0.0,453.66969053433064,453.2848284569513,452.5966236032766,453.89981901605046
4.799999999999986,-12.835831982079668,5.245503994666673,28.67986793098656,0.22633970865023922,0.3399939299594017,0.0,-8.359046647349643,4.218572134653568,4.584674481573841,0.04166236058384918,0.08280675183204278,0.0,469.97064110763733,470.13974366647307,469.3909477416593,470.06961574144094
4.859999999999984,-13.34391768540113,5.501367283532317,28.950935788456214,0.22833250885367917,0.34487731850016257,0.0,-8.577930970409776,4.310149732197341,4.4505583356521905,0.005302252133678728,0.0783956300398821,0.0,438.95212982327007,438.59123641072625,439.6103451077559,436.5864602521172
4.919999999999983,-13.865220742075474,5.762653918087462,29.21367807200905,0.2288280112308767,0.3494939852344494,0.0,-8.799669475634857,4.399217554221683,4.3072591938464235,0.013597332560497197,0.0738734433670412,0.0,435.84982595297816,435.47639726772456,435.98400198426776,436.6766361048598
4.979999999999982,-14.400529473862361,6.029578843962361,29.469185807709046,0.22955316834960637,0.35423961148141636,0.0,-9.044716097543578,4.498032748444074,4.209029429354118,0.008877593401910277,0.08789127915997005,0.0,451.983549374664,453.11705549949755,452.1795579340351,451.79893711813804
5.0399999999999805,-14.950685171517364,6.302370979020269,29.71862908628337,0.23030969152602232,0.35912892603763336,0.0,-9.294618691586537,4.594765991925911,4.105069306701072,0.019185444540358226,0.06389419946781755,0.0,453.11614562673014,451.1872864426721,451.12833372332636,451.96003842389376
